practice_exam3
    2.9772    5.5257   -0.2391
    2.9772    5.5257   -0.2391
    0.3382   -3.0268    2.2103
   -1.1547   -1.1547   -0.5774

practice_exam3
    2.9772    5.5257   -0.2391
    2.9772    5.5257   -0.2391
    0.3382   -3.0268    2.2103
   -1.1547   -1.1547   -0.5774

λ1 = -1.000000
λ2 = 1.000000
λ3 = 2.000000
practice_exam3
    2.9772    5.5257   -0.2391
    2.9772    5.5257   -0.2391
    0.3382   -3.0268    2.2103
   -1.1547   -1.1547   -0.5774

λ1 = -0.500000
λ2 = 0.500000
λ3 = 1.000000
practice_exam3
    2.9772    5.5257   -0.2391
    2.9772    5.5257   -0.2391
    0.3382   -3.0268    2.2103
   -1.1547   -1.1547   -0.5774

λ1 = -0.500000
λ2 = 0.500000
λ3 = 1.000000
